29;;;;;;;;;;;;;;;;;;;;;;;;;;;;
0.30;;;;;;;;;;;;;;;;;;;;;;;;;;;;
0.50;;;;;;;;;;;;;;;;;;;;;;;;;;;;
5;;;;;;;;;;;;;;;;;;;;;;;;;;;;
0;175;209;437;537;734;1134;1264;1290;1443;1487;1580;1820;1734;2056;2239;1479;1408;1837;2246;2562;864;578;353;261;757;1101;431;169
175;0;34;262;362;559;959;1089;1115;1268;1312;1405;1645;1559;1881;2064;1304;1233;1757;2166;2482;944;658;433;341;780;1083;474;210
209;34;0;228;328;525;925;1055;1081;1234;1278;1371;1611;1525;1847;2030;1270;1199;1628;2037;2353;978;692;467;375;774;1066;475;217
437;262;228;0;100;297;697;827;853;1006;1050;1143;1383;1297;1619;1802;1042;971;1400;1809;2125;1206;920;695;603;571;838;327;187
537;362;328;100;0;197;597;727;753;906;950;1043;1283;1197;1519;1702;942;871;1300;1709;2025;1306;1020;795;703;505;727;331;284
734;559;525;297;197;0;400;530;556;709;753;846;1086;1000;1322;1505;433;362;791;1200;1516;1910;1624;1399;1307;316;518;314;431
1134;959;925;697;597;400;0;130;156;309;353;446;686;600;922;1105;363;292;720;1129;1445;2060;1774;1549;1457;402;137;646;816
1264;1089;1055;827;727;530;130;0;26;179;223;316;556;470;792;975;421;350;827;1236;1552;2190;1904;1679;1587;559;146;798;952
1290;1115;1081;853;753;556;156;26;0;153;197;290;530;444;766;949;114;43;853;1262;1578;2230;1944;1719;1627;593;160;836;990
1443;1268;1234;1006;906;709;309;179;153;0;44;137;377;291;613;796;375;304;955;1364;1680;1089;1375;1600;1692;652;293;977;1196
1487;1312;1278;1050;950;753;353;223;197;44;0;93;333;247;569;752;134;63;999;1408;1724;1133;1419;1644;1736;517;82;776;945
1580;1405;1371;1143;1043;846;446;316;290;137;93;0;240;154;476;659;231;160;1092;1501;1817;1226;1512;1737;1829;470;109;714;879
1820;1645;1611;1383;1283;1086;686;556;530;377;333;240;0;86;236;419;974;903;1332;1741;2057;1466;1752;1977;2069;555;101;850;1042
1734;1559;1525;1297;1197;1000;600;470;444;291;247;154;86;0;150;333;422;351;351;760;1076;339;625;850;942;189;313;442;646
2056;1881;1847;1619;1519;1322;922;792;766;613;569;476;236;150;0;183;371;300;673;1082;1398;654;940;1165;1257;183;562;192;414
2239;2064;2030;1802;1702;1505;1105;975;949;796;752;659;419;333;183;0;231;160;856;1265;1581;840;1126;1351;1443;184;650;289;555
1479;1304;1270;1042;942;433;363;421;114;375;134;231;974;422;371;231;0;71;370;779;1095;640;926;1151;1243;257;659;446;711
1408;1233;1199;971;871;362;292;350;43;304;63;160;903;351;300;160;71;0;391;800;1116;564;850;1075;1167;231;309;449;635
1837;1757;1628;1400;1300;791;720;827;853;955;999;1092;1332;351;673;856;370;391;0;294;610;819;1105;1330;1422;208;271;528;755
2246;2166;2037;1809;1709;1200;1129;1236;1262;1364;1408;1501;1741;760;1082;1265;779;800;294;0;316;1228;1514;1739;1831;380;448;708;967
2562;2482;2353;2125;2025;1516;1445;1552;1578;1680;1724;1817;2057;1076;1398;1581;1095;1116;610;316;0;1697;1983;2208;2300;573;695;860;1127
864;944;978;1206;1306;1910;2060;2190;2230;1089;1133;1226;1466;339;654;840;640;564;819;1228;1697;0;63;197;286;355;739;66;234
578;658;692;920;1020;1624;1774;1904;1944;1375;1419;1512;1752;625;940;1126;926;850;1105;1514;1983;63;0;135;225;407;801;77;189
353;433;467;695;795;1399;1549;1679;1719;1600;1644;1737;1977;850;1165;1351;1151;1075;1330;1739;2208;197;135;0;92;532;936;195;134
261;341;375;603;703;1307;1457;1587;1627;1692;1736;1829;2069;942;1257;1443;1243;1167;1422;1831;2300;286;225;92;0;625;1025;287;141
757;780;774;571;505;316;402;559;593;652;517;470;555;189;183;184;257;231;208;380;573;355;407;532;625;0;471;338;589
1101;1083;1066;838;727;518;137;146;160;293;82;109;101;313;562;650;659;309;271;448;695;739;801;936;1025;471;0;754;942
431;474;475;327;331;314;646;798;836;977;776;714;850;442;192;289;446;449;528;708;860;66;77;195;287;338;754;0;267
169;210;217;187;284;431;816;952;990;1196;945;879;1042;646;414;555;711;635;755;967;1127;234;189;134;141;589;942;267;0
0;945;222;453;522;934;661;892;68;341;153;105;625;565;919;291;461;464;258;538;789;0;0;0;0;380;544;452;264
211;0;252;938;280;227;376;568;308;538;238;0;817;525;546;625;473;798;106;928;514;0;0;0;0;685;314;399;618
51;478;0;452;865;538;531;812;471;650;478;469;550;275;0;317;280;820;651;58;832;0;0;0;0;492;386;547;351
773;156;954;0;106;501;726;686;172;558;284;0;384;559;676;0;579;119;0;67;88;0;0;0;0;524;404;372;675
676;36;490;564;0;995;33;990;105;279;345;432;435;94;742;658;974;214;722;729;849;0;0;0;0;431;505;546;560
0;894;294;886;308;0;416;510;590;930;654;227;48;964;477;410;512;457;767;594;204;0;0;0;0;160;586;571;700
778;0;123;125;795;39;0;1000;630;973;710;267;447;540;693;890;191;981;622;793;53;0;0;0;0;698;400;254;684
178;59;356;75;360;472;922;0;278;864;136;274;194;245;781;777;320;638;611;366;707;0;0;0;0;306;315;209;231
188;230;0;157;726;97;161;281;0;120;595;709;522;423;734;795;651;114;0;379;668;0;0;0;0;561;619;555;666
919;353;956;963;550;265;609;297;647;0;856;829;471;148;384;61;339;440;80;868;783;0;0;0;0;519;341;625;496
850;368;519;0;127;260;947;991;194;666;0;229;887;282;560;874;47;947;865;342;177;0;0;0;0;266;464;216;668
403;184;519;128;844;722;350;532;942;818;902;0;44;699;92;624;854;983;793;128;0;0;0;0;0;275;224;208;649
177;85;366;279;160;35;0;79;262;37;899;256;0;64;224;544;165;894;651;417;0;0;0;0;0;129;358;442;153
891;131;813;375;800;175;219;964;874;200;136;197;506;0;698;994;444;398;728;117;106;0;0;0;0;433;632;557;516
819;0;932;0;938;180;808;721;0;473;630;285;383;979;0;302;635;793;665;52;353;0;0;0;0;393;225;495;381
993;154;512;34;453;363;858;881;784;798;827;345;977;312;783;0;505;323;555;854;0;0;0;0;0;237;470;120;516
221;365;168;393;675;853;39;952;194;645;61;712;625;459;322;113;0;703;113;506;194;0;0;0;0;647;548;121;400
479;433;498;993;146;709;695;804;791;334;849;685;834;76;889;520;928;0;685;748;556;0;0;0;0;145;487;117;640
428;31;802;95;643;685;290;923;563;906;891;806;631;401;110;888;1000;851;0;927;77;0;0;0;0;601;696;555;606
826;843;422;256;885;846;205;867;372;306;548;183;713;251;381;401;136;986;118;0;124;0;0;0;0;380;138;455;419
970;492;676;462;200;502;603;314;190;174;101;490;298;581;350;169;772;665;359;178;0;0;0;0;0;198;332;171;635
0;0;0;0;0;0;0;0;0;0;0;0;0;0;0;0;0;0;0;0;0;0;9999;9999;9999;303;651;334;327
0;0;0;0;0;0;0;0;0;0;0;0;0;0;0;0;0;0;0;0;0;9999;0;9999;9999;692;467;375;569
0;0;0;0;0;0;0;0;0;0;0;0;0;0;0;0;0;0;0;0;0;9999;9999;0;9999;599;119;620;322
0;0;0;0;0;0;0;0;0;0;0;0;0;0;0;0;0;0;0;0;0;9999;9999;9999;0;430;500;427;110
417;529;229;428;561;342;274;448;205;358;489;321;699;287;368;557;148;342;616;324;560;364;186;131;553;192;468;242;474
192;646;531;679;576;401;357;164;351;632;212;405;298;250;104;140;283;389;235;648;451;412;387;540;197;615;155;281;391
557;605;485;285;135;448;104;247;427;213;559;291;345;528;391;252;350;684;233;560;598;518;106;149;419;524;192;134;135
424;300;371;511;559;380;647;346;659;668;403;563;557;121;361;204;586;465;312;440;183;240;360;451;357;352;228;692;691
10;10;10;10;10;10;10;10;10;10;10;10;10;10;10;10;10;10;10;10;10;10;10;10;10;10;10;10;10
